1,1,Thursday,1,1,1998
2,2,Friday,1,1,1998
3,3,Saturday,1,1,1998
4,4,Sunday,1,1,1998
5,5,Monday,1,1,1998
6,6,Tuesday,1,1,1998
7,7,Wednesday,1,1,1998
8,8,Thursday,1,1,1998
9,9,Friday,1,1,1998
10,10,Saturday,1,1,1998
11,11,Sunday,1,1,1998
12,12,Monday,1,1,1998
13,13,Tuesday,1,1,1998
14,14,Wednesday,1,1,1998
15,15,Thursday,1,1,1998
16,16,Friday,1,1,1998
17,17,Saturday,1,1,1998
18,18,Sunday,1,1,1998
19,19,Monday,1,1,1998
20,20,Tuesday,1,1,1998
21,21,Wednesday,1,1,1998
22,22,Thursday,1,1,1998
23,23,Friday,1,1,1998
24,24,Saturday,1,1,1998
25,25,Sunday,1,1,1998
26,26,Monday,1,1,1998
27,27,Tuesday,1,1,1998
28,28,Wednesday,1,1,1998
29,29,Thursday,1,1,1998
30,30,Friday,1,1,1998
31,31,Saturday,1,1,1998
32,1,Sunday,2,1,1998
33,2,Monday,2,1,1998
34,3,Tuesday,2,1,1998
35,4,Wednesday,2,1,1998
36,5,Thursday,2,1,1998
37,6,Friday,2,1,1998
38,7,Saturday,2,1,1998
39,8,Sunday,2,1,1998
40,9,Monday,2,1,1998
41,10,Tuesday,2,1,1998
42,11,Wednesday,2,1,1998
43,12,Thursday,2,1,1998
44,13,Friday,2,1,1998
45,14,Saturday,2,1,1998
46,15,Sunday,2,1,1998
47,16,Monday,2,1,1998
48,17,Tuesday,2,1,1998
49,18,Wednesday,2,1,1998
50,19,Thursday,2,1,1998
51,20,Friday,2,1,1998
52,21,Saturday,2,1,1998
53,22,Sunday,2,1,1998
54,23,Monday,2,1,1998
55,24,Tuesday,2,1,1998
56,25,Wednesday,2,1,1998
57,26,Thursday,2,1,1998
58,27,Friday,2,1,1998
59,28,Saturday,2,1,1998
60,1,Sunday,3,1,1998
61,2,Monday,3,1,1998
62,3,Tuesday,3,1,1998
63,4,Wednesday,3,1,1998
64,5,Thursday,3,1,1998
65,6,Friday,3,1,1998
66,7,Saturday,3,1,1998
67,8,Sunday,3,1,1998
68,9,Monday,3,1,1998
69,10,Tuesday,3,1,1998
70,11,Wednesday,3,1,1998
71,12,Thursday,3,1,1998
72,13,Friday,3,1,1998
73,14,Saturday,3,1,1998
74,15,Sunday,3,1,1998
75,16,Monday,3,1,1998
76,17,Tuesday,3,1,1998
77,18,Wednesday,3,1,1998
78,19,Thursday,3,1,1998
79,20,Friday,3,1,1998
80,21,Saturday,3,1,1998
81,22,Sunday,3,1,1998
82,23,Monday,3,1,1998
83,24,Tuesday,3,1,1998
84,25,Wednesday,3,1,1998
85,26,Thursday,3,1,1998
86,27,Friday,3,1,1998
87,28,Saturday,3,1,1998
88,29,Sunday,3,1,1998
89,30,Monday,3,1,1998
90,31,Tuesday,3,1,1998
91,1,Wednesday,4,2,1998
92,2,Thursday,4,2,1998
93,3,Friday,4,2,1998
94,4,Saturday,4,2,1998
95,5,Sunday,4,2,1998
96,6,Monday,4,2,1998
97,7,Tuesday,4,2,1998
98,8,Wednesday,4,2,1998
99,9,Thursday,4,2,1998
100,10,Friday,4,2,1998
101,11,Saturday,4,2,1998
102,12,Sunday,4,2,1998
103,13,Monday,4,2,1998
104,14,Tuesday,4,2,1998
105,15,Wednesday,4,2,1998
106,16,Thursday,4,2,1998
107,17,Friday,4,2,1998
108,18,Saturday,4,2,1998
109,19,Sunday,4,2,1998
110,20,Monday,4,2,1998
111,21,Tuesday,4,2,1998
112,22,Wednesday,4,2,1998
113,23,Thursday,4,2,1998
114,24,Friday,4,2,1998
115,25,Saturday,4,2,1998
116,26,Sunday,4,2,1998
117,27,Monday,4,2,1998
118,28,Tuesday,4,2,1998
119,29,Wednesday,4,2,1998
120,30,Thursday,4,2,1998
121,1,Friday,5,2,1998
122,2,Saturday,5,2,1998
123,3,Sunday,5,2,1998
124,4,Monday,5,2,1998
125,5,Tuesday,5,2,1998
126,6,Wednesday,5,2,1998
127,7,Thursday,5,2,1998
128,8,Friday,5,2,1998
129,9,Saturday,5,2,1998
130,10,Sunday,5,2,1998
131,11,Monday,5,2,1998
132,12,Tuesday,5,2,1998
133,13,Wednesday,5,2,1998
134,14,Thursday,5,2,1998
135,15,Friday,5,2,1998
136,16,Saturday,5,2,1998
137,17,Sunday,5,2,1998
138,18,Monday,5,2,1998
139,19,Tuesday,5,2,1998
140,20,Wednesday,5,2,1998
141,21,Thursday,5,2,1998
142,22,Friday,5,2,1998
143,23,Saturday,5,2,1998
144,24,Sunday,5,2,1998
145,25,Monday,5,2,1998
146,26,Tuesday,5,2,1998
147,27,Wednesday,5,2,1998
148,28,Thursday,5,2,1998
149,29,Friday,5,2,1998
150,30,Saturday,5,2,1998
151,31,Sunday,5,2,1998
152,1,Monday,6,2,1998
153,2,Tuesday,6,2,1998
154,3,Wednesday,6,2,1998
155,4,Thursday,6,2,1998
156,5,Friday,6,2,1998
157,6,Saturday,6,2,1998
158,7,Sunday,6,2,1998
159,8,Monday,6,2,1998
160,9,Tuesday,6,2,1998
161,10,Wednesday,6,2,1998
162,11,Thursday,6,2,1998
163,12,Friday,6,2,1998
164,13,Saturday,6,2,1998
165,14,Sunday,6,2,1998
166,15,Monday,6,2,1998
167,16,Tuesday,6,2,1998
168,17,Wednesday,6,2,1998
169,18,Thursday,6,2,1998
170,19,Friday,6,2,1998
171,20,Saturday,6,2,1998
172,21,Sunday,6,2,1998
173,22,Monday,6,2,1998
174,23,Tuesday,6,2,1998
175,24,Wednesday,6,2,1998
176,25,Thursday,6,2,1998
177,26,Friday,6,2,1998
178,27,Saturday,6,2,1998
179,28,Sunday,6,2,1998
180,29,Monday,6,2,1998
181,30,Tuesday,6,2,1998
182,1,Wednesday,7,3,1998
183,2,Thursday,7,3,1998
184,3,Friday,7,3,1998
185,4,Saturday,7,3,1998
186,5,Sunday,7,3,1998
187,6,Monday,7,3,1998
188,7,Tuesday,7,3,1998
189,8,Wednesday,7,3,1998
190,9,Thursday,7,3,1998
191,10,Friday,7,3,1998
192,11,Saturday,7,3,1998
193,12,Sunday,7,3,1998
194,13,Monday,7,3,1998
195,14,Tuesday,7,3,1998
196,15,Wednesday,7,3,1998
197,16,Thursday,7,3,1998
198,17,Friday,7,3,1998
199,18,Saturday,7,3,1998
200,19,Sunday,7,3,1998
201,20,Monday,7,3,1998
202,21,Tuesday,7,3,1998
203,22,Wednesday,7,3,1998
204,23,Thursday,7,3,1998
205,24,Friday,7,3,1998
206,25,Saturday,7,3,1998
207,26,Sunday,7,3,1998
208,27,Monday,7,3,1998
209,28,Tuesday,7,3,1998
210,29,Wednesday,7,3,1998
211,30,Thursday,7,3,1998
212,31,Friday,7,3,1998
213,1,Saturday,8,3,1998
214,2,Sunday,8,3,1998
215,3,Monday,8,3,1998
216,4,Tuesday,8,3,1998
217,5,Wednesday,8,3,1998
218,6,Thursday,8,3,1998
219,7,Friday,8,3,1998
220,8,Saturday,8,3,1998
221,9,Sunday,8,3,1998
222,10,Monday,8,3,1998
223,11,Tuesday,8,3,1998
224,12,Wednesday,8,3,1998
225,13,Thursday,8,3,1998
226,14,Friday,8,3,1998
227,15,Saturday,8,3,1998
228,16,Sunday,8,3,1998
229,17,Monday,8,3,1998
230,18,Tuesday,8,3,1998
231,19,Wednesday,8,3,1998
232,20,Thursday,8,3,1998
233,21,Friday,8,3,1998
234,22,Saturday,8,3,1998
235,23,Sunday,8,3,1998
236,24,Monday,8,3,1998
237,25,Tuesday,8,3,1998
238,26,Wednesday,8,3,1998
239,27,Thursday,8,3,1998
240,28,Friday,8,3,1998
241,29,Saturday,8,3,1998
242,30,Sunday,8,3,1998
243,31,Monday,8,3,1998
244,1,Tuesday,9,3,1998
245,2,Wednesday,9,3,1998
246,3,Thursday,9,3,1998
247,4,Friday,9,3,1998
248,5,Saturday,9,3,1998
249,6,Sunday,9,3,1998
250,7,Monday,9,3,1998
251,8,Tuesday,9,3,1998
252,9,Wednesday,9,3,1998
253,10,Thursday,9,3,1998
254,11,Friday,9,3,1998
255,12,Saturday,9,3,1998
256,13,Sunday,9,3,1998
257,14,Monday,9,3,1998
258,15,Tuesday,9,3,1998
259,16,Wednesday,9,3,1998
260,17,Thursday,9,3,1998
261,18,Friday,9,3,1998
262,19,Saturday,9,3,1998
263,20,Sunday,9,3,1998
264,21,Monday,9,3,1998
265,22,Tuesday,9,3,1998
266,23,Wednesday,9,3,1998
267,24,Thursday,9,3,1998
268,25,Friday,9,3,1998
269,26,Saturday,9,3,1998
270,27,Sunday,9,3,1998
271,28,Monday,9,3,1998
272,29,Tuesday,9,3,1998
273,30,Wednesday,9,3,1998
274,1,Thursday,10,4,1998
275,2,Friday,10,4,1998
276,3,Saturday,10,4,1998
277,4,Sunday,10,4,1998
278,5,Monday,10,4,1998
279,6,Tuesday,10,4,1998
280,7,Wednesday,10,4,1998
281,8,Thursday,10,4,1998
282,9,Friday,10,4,1998
283,10,Saturday,10,4,1998
284,11,Sunday,10,4,1998
285,12,Monday,10,4,1998
286,13,Tuesday,10,4,1998
287,14,Wednesday,10,4,1998
288,15,Thursday,10,4,1998
289,16,Friday,10,4,1998
290,17,Saturday,10,4,1998
291,18,Sunday,10,4,1998
292,19,Monday,10,4,1998
293,20,Tuesday,10,4,1998
294,21,Wednesday,10,4,1998
295,22,Thursday,10,4,1998
296,23,Friday,10,4,1998
297,24,Saturday,10,4,1998
298,25,Sunday,10,4,1998
299,26,Monday,10,4,1998
300,27,Tuesday,10,4,1998
301,28,Wednesday,10,4,1998
302,29,Thursday,10,4,1998
303,30,Friday,10,4,1998
304,31,Saturday,10,4,1998
305,1,Sunday,11,4,1998
306,2,Monday,11,4,1998
307,3,Tuesday,11,4,1998
308,4,Wednesday,11,4,1998
309,5,Thursday,11,4,1998
310,6,Friday,11,4,1998
311,7,Saturday,11,4,1998
312,8,Sunday,11,4,1998
313,9,Monday,11,4,1998
314,10,Tuesday,11,4,1998
315,11,Wednesday,11,4,1998
316,12,Thursday,11,4,1998
317,13,Friday,11,4,1998
318,14,Saturday,11,4,1998
319,15,Sunday,11,4,1998
320,16,Monday,11,4,1998
321,17,Tuesday,11,4,1998
322,18,Wednesday,11,4,1998
323,19,Thursday,11,4,1998
324,20,Friday,11,4,1998
325,21,Saturday,11,4,1998
326,22,Sunday,11,4,1998
327,23,Monday,11,4,1998
328,24,Tuesday,11,4,1998
329,25,Wednesday,11,4,1998
330,26,Thursday,11,4,1998
331,27,Friday,11,4,1998
332,28,Saturday,11,4,1998
333,29,Sunday,11,4,1998
334,30,Monday,11,4,1998
335,1,Tuesday,12,4,1998
336,2,Wednesday,12,4,1998
337,3,Thursday,12,4,1998
338,4,Friday,12,4,1998
339,5,Saturday,12,4,1998
340,6,Sunday,12,4,1998
341,7,Monday,12,4,1998
342,8,Tuesday,12,4,1998
343,9,Wednesday,12,4,1998
344,10,Thursday,12,4,1998
345,11,Friday,12,4,1998
346,12,Saturday,12,4,1998
347,13,Sunday,12,4,1998
348,14,Monday,12,4,1998
349,15,Tuesday,12,4,1998
350,16,Wednesday,12,4,1998
351,17,Thursday,12,4,1998
352,18,Friday,12,4,1998
353,19,Saturday,12,4,1998
354,20,Sunday,12,4,1998
355,21,Monday,12,4,1998
356,22,Tuesday,12,4,1998
357,23,Wednesday,12,4,1998
358,24,Thursday,12,4,1998
359,25,Friday,12,4,1998
360,26,Saturday,12,4,1998
361,27,Sunday,12,4,1998
362,28,Monday,12,4,1998
363,29,Tuesday,12,4,1998
364,30,Wednesday,12,4,1998
365,31,Thursday,12,4,1998
366,1,Friday,1,1,1999
367,2,Saturday,1,1,1999
368,3,Sunday,1,1,1999
369,4,Monday,1,1,1999
370,5,Tuesday,1,1,1999
371,6,Wednesday,1,1,1999
372,7,Thursday,1,1,1999
373,8,Friday,1,1,1999
374,9,Saturday,1,1,1999
375,10,Sunday,1,1,1999
376,11,Monday,1,1,1999
377,12,Tuesday,1,1,1999
378,13,Wednesday,1,1,1999
379,14,Thursday,1,1,1999
380,15,Friday,1,1,1999
381,16,Saturday,1,1,1999
382,17,Sunday,1,1,1999
383,18,Monday,1,1,1999
384,19,Tuesday,1,1,1999
385,20,Wednesday,1,1,1999
386,21,Thursday,1,1,1999
387,22,Friday,1,1,1999
388,23,Saturday,1,1,1999
389,24,Sunday,1,1,1999
390,25,Monday,1,1,1999
391,26,Tuesday,1,1,1999
392,27,Wednesday,1,1,1999
393,28,Thursday,1,1,1999
394,29,Friday,1,1,1999
395,30,Saturday,1,1,1999
396,31,Sunday,1,1,1999
397,1,Monday,2,1,1999
398,2,Tuesday,2,1,1999
399,3,Wednesday,2,1,1999
400,4,Thursday,2,1,1999
401,5,Friday,2,1,1999
402,6,Saturday,2,1,1999
403,7,Sunday,2,1,1999
404,8,Monday,2,1,1999
405,9,Tuesday,2,1,1999
406,10,Wednesday,2,1,1999
407,11,Thursday,2,1,1999
408,12,Friday,2,1,1999
409,13,Saturday,2,1,1999
410,14,Sunday,2,1,1999
411,15,Monday,2,1,1999
412,16,Tuesday,2,1,1999
413,17,Wednesday,2,1,1999
414,18,Thursday,2,1,1999
415,19,Friday,2,1,1999
416,20,Saturday,2,1,1999
417,21,Sunday,2,1,1999
418,22,Monday,2,1,1999
419,23,Tuesday,2,1,1999
420,24,Wednesday,2,1,1999
421,25,Thursday,2,1,1999
422,26,Friday,2,1,1999
423,27,Saturday,2,1,1999
424,28,Sunday,2,1,1999
425,1,Monday,3,1,1999
426,2,Tuesday,3,1,1999
427,3,Wednesday,3,1,1999
428,4,Thursday,3,1,1999
429,5,Friday,3,1,1999
430,6,Saturday,3,1,1999
431,7,Sunday,3,1,1999
432,8,Monday,3,1,1999
433,9,Tuesday,3,1,1999
434,10,Wednesday,3,1,1999
435,11,Thursday,3,1,1999
436,12,Friday,3,1,1999
437,13,Saturday,3,1,1999
438,14,Sunday,3,1,1999
439,15,Monday,3,1,1999
440,16,Tuesday,3,1,1999
441,17,Wednesday,3,1,1999
442,18,Thursday,3,1,1999
443,19,Friday,3,1,1999
444,20,Saturday,3,1,1999
445,21,Sunday,3,1,1999
446,22,Monday,3,1,1999
447,23,Tuesday,3,1,1999
448,24,Wednesday,3,1,1999
449,25,Thursday,3,1,1999
450,26,Friday,3,1,1999
451,27,Saturday,3,1,1999
452,28,Sunday,3,1,1999
453,29,Monday,3,1,1999
454,30,Tuesday,3,1,1999
455,31,Wednesday,3,1,1999
456,1,Thursday,4,2,1999
457,2,Friday,4,2,1999
458,3,Saturday,4,2,1999
459,4,Sunday,4,2,1999
460,5,Monday,4,2,1999
461,6,Tuesday,4,2,1999
462,7,Wednesday,4,2,1999
463,8,Thursday,4,2,1999
464,9,Friday,4,2,1999
465,10,Saturday,4,2,1999
466,11,Sunday,4,2,1999
467,12,Monday,4,2,1999
468,13,Tuesday,4,2,1999
469,14,Wednesday,4,2,1999
470,15,Thursday,4,2,1999
471,16,Friday,4,2,1999
472,17,Saturday,4,2,1999
473,18,Sunday,4,2,1999
474,19,Monday,4,2,1999
475,20,Tuesday,4,2,1999
476,21,Wednesday,4,2,1999
477,22,Thursday,4,2,1999
478,23,Friday,4,2,1999
479,24,Saturday,4,2,1999
480,25,Sunday,4,2,1999
481,26,Monday,4,2,1999
482,27,Tuesday,4,2,1999
483,28,Wednesday,4,2,1999
484,29,Thursday,4,2,1999
485,30,Friday,4,2,1999
486,1,Saturday,5,2,1999
487,2,Sunday,5,2,1999
488,3,Monday,5,2,1999
489,4,Tuesday,5,2,1999
490,5,Wednesday,5,2,1999
491,6,Thursday,5,2,1999
492,7,Friday,5,2,1999
493,8,Saturday,5,2,1999
494,9,Sunday,5,2,1999
495,10,Monday,5,2,1999
496,11,Tuesday,5,2,1999
497,12,Wednesday,5,2,1999
498,13,Thursday,5,2,1999
499,14,Friday,5,2,1999
500,15,Saturday,5,2,1999
501,16,Sunday,5,2,1999
502,17,Monday,5,2,1999
503,18,Tuesday,5,2,1999
504,19,Wednesday,5,2,1999
505,20,Thursday,5,2,1999
506,21,Friday,5,2,1999
507,22,Saturday,5,2,1999
508,23,Sunday,5,2,1999
509,24,Monday,5,2,1999
510,25,Tuesday,5,2,1999
511,26,Wednesday,5,2,1999
512,27,Thursday,5,2,1999
513,28,Friday,5,2,1999
514,29,Saturday,5,2,1999
515,30,Sunday,5,2,1999
516,31,Monday,5,2,1999
517,1,Tuesday,6,2,1999
518,2,Wednesday,6,2,1999
519,3,Thursday,6,2,1999
520,4,Friday,6,2,1999
521,5,Saturday,6,2,1999
522,6,Sunday,6,2,1999
523,7,Monday,6,2,1999
524,8,Tuesday,6,2,1999
525,9,Wednesday,6,2,1999
526,10,Thursday,6,2,1999
527,11,Friday,6,2,1999
528,12,Saturday,6,2,1999
529,13,Sunday,6,2,1999
530,14,Monday,6,2,1999
531,15,Tuesday,6,2,1999
532,16,Wednesday,6,2,1999
533,17,Thursday,6,2,1999
534,18,Friday,6,2,1999
535,19,Saturday,6,2,1999
536,20,Sunday,6,2,1999
537,21,Monday,6,2,1999
538,22,Tuesday,6,2,1999
539,23,Wednesday,6,2,1999
540,24,Thursday,6,2,1999
541,25,Friday,6,2,1999
542,26,Saturday,6,2,1999
543,27,Sunday,6,2,1999
544,28,Monday,6,2,1999
545,29,Tuesday,6,2,1999
546,30,Wednesday,6,2,1999
547,1,Thursday,7,3,1999
548,2,Friday,7,3,1999
549,3,Saturday,7,3,1999
550,4,Sunday,7,3,1999
551,5,Monday,7,3,1999
552,6,Tuesday,7,3,1999
553,7,Wednesday,7,3,1999
554,8,Thursday,7,3,1999
555,9,Friday,7,3,1999
556,10,Saturday,7,3,1999
557,11,Sunday,7,3,1999
558,12,Monday,7,3,1999
559,13,Tuesday,7,3,1999
560,14,Wednesday,7,3,1999
561,15,Thursday,7,3,1999
562,16,Friday,7,3,1999
563,17,Saturday,7,3,1999
564,18,Sunday,7,3,1999
565,19,Monday,7,3,1999
566,20,Tuesday,7,3,1999
567,21,Wednesday,7,3,1999
568,22,Thursday,7,3,1999
569,23,Friday,7,3,1999
570,24,Saturday,7,3,1999
571,25,Sunday,7,3,1999
572,26,Monday,7,3,1999
573,27,Tuesday,7,3,1999
574,28,Wednesday,7,3,1999
575,29,Thursday,7,3,1999
576,30,Friday,7,3,1999
577,31,Saturday,7,3,1999
578,1,Sunday,8,3,1999
579,2,Monday,8,3,1999
580,3,Tuesday,8,3,1999
581,4,Wednesday,8,3,1999
582,5,Thursday,8,3,1999
583,6,Friday,8,3,1999
584,7,Saturday,8,3,1999
585,8,Sunday,8,3,1999
586,9,Monday,8,3,1999
587,10,Tuesday,8,3,1999
588,11,Wednesday,8,3,1999
589,12,Thursday,8,3,1999
590,13,Friday,8,3,1999
591,14,Saturday,8,3,1999
592,15,Sunday,8,3,1999
593,16,Monday,8,3,1999
594,17,Tuesday,8,3,1999
595,18,Wednesday,8,3,1999
596,19,Thursday,8,3,1999
597,20,Friday,8,3,1999
598,21,Saturday,8,3,1999
599,22,Sunday,8,3,1999
600,23,Monday,8,3,1999
601,24,Tuesday,8,3,1999
602,25,Wednesday,8,3,1999
603,26,Thursday,8,3,1999
604,27,Friday,8,3,1999
605,28,Saturday,8,3,1999
606,29,Sunday,8,3,1999
607,30,Monday,8,3,1999
608,31,Tuesday,8,3,1999
609,1,Wednesday,9,3,1999
610,2,Thursday,9,3,1999
611,3,Friday,9,3,1999
612,4,Saturday,9,3,1999
613,5,Sunday,9,3,1999
614,6,Monday,9,3,1999
615,7,Tuesday,9,3,1999
616,8,Wednesday,9,3,1999
617,9,Thursday,9,3,1999
618,10,Friday,9,3,1999
619,11,Saturday,9,3,1999
620,12,Sunday,9,3,1999
621,13,Monday,9,3,1999
622,14,Tuesday,9,3,1999
623,15,Wednesday,9,3,1999
624,16,Thursday,9,3,1999
625,17,Friday,9,3,1999
626,18,Saturday,9,3,1999
627,19,Sunday,9,3,1999
628,20,Monday,9,3,1999
629,21,Tuesday,9,3,1999
630,22,Wednesday,9,3,1999
631,23,Thursday,9,3,1999
632,24,Friday,9,3,1999
633,25,Saturday,9,3,1999
634,26,Sunday,9,3,1999
635,27,Monday,9,3,1999
636,28,Tuesday,9,3,1999
637,29,Wednesday,9,3,1999
638,30,Thursday,9,3,1999
639,1,Friday,10,4,1999
640,2,Saturday,10,4,1999
641,3,Sunday,10,4,1999
642,4,Monday,10,4,1999
643,5,Tuesday,10,4,1999
644,6,Wednesday,10,4,1999
645,7,Thursday,10,4,1999
646,8,Friday,10,4,1999
647,9,Saturday,10,4,1999
648,10,Sunday,10,4,1999
649,11,Monday,10,4,1999
650,12,Tuesday,10,4,1999
651,13,Wednesday,10,4,1999
652,14,Thursday,10,4,1999
653,15,Friday,10,4,1999
654,16,Saturday,10,4,1999
655,17,Sunday,10,4,1999
656,18,Monday,10,4,1999
657,19,Tuesday,10,4,1999
658,20,Wednesday,10,4,1999
659,21,Thursday,10,4,1999
660,22,Friday,10,4,1999
661,23,Saturday,10,4,1999
662,24,Sunday,10,4,1999
663,25,Monday,10,4,1999
664,26,Tuesday,10,4,1999
665,27,Wednesday,10,4,1999
666,28,Thursday,10,4,1999
667,29,Friday,10,4,1999
668,30,Saturday,10,4,1999
669,31,Sunday,10,4,1999
670,1,Monday,11,4,1999
671,2,Tuesday,11,4,1999
672,3,Wednesday,11,4,1999
673,4,Thursday,11,4,1999
674,5,Friday,11,4,1999
675,6,Saturday,11,4,1999
676,7,Sunday,11,4,1999
677,8,Monday,11,4,1999
678,9,Tuesday,11,4,1999
679,10,Wednesday,11,4,1999
680,11,Thursday,11,4,1999
681,12,Friday,11,4,1999
682,13,Saturday,11,4,1999
683,14,Sunday,11,4,1999
684,15,Monday,11,4,1999
685,16,Tuesday,11,4,1999
686,17,Wednesday,11,4,1999
687,18,Thursday,11,4,1999
688,19,Friday,11,4,1999
689,20,Saturday,11,4,1999
690,21,Sunday,11,4,1999
691,22,Monday,11,4,1999
692,23,Tuesday,11,4,1999
693,24,Wednesday,11,4,1999
694,25,Thursday,11,4,1999
695,26,Friday,11,4,1999
696,27,Saturday,11,4,1999
697,28,Sunday,11,4,1999
698,29,Monday,11,4,1999
699,30,Tuesday,11,4,1999
700,1,Wednesday,12,4,1999
701,2,Thursday,12,4,1999
702,3,Friday,12,4,1999
703,4,Saturday,12,4,1999
704,5,Sunday,12,4,1999
705,6,Monday,12,4,1999
706,7,Tuesday,12,4,1999
707,8,Wednesday,12,4,1999
708,9,Thursday,12,4,1999
709,10,Friday,12,4,1999
710,11,Saturday,12,4,1999
711,12,Sunday,12,4,1999
712,13,Monday,12,4,1999
713,14,Tuesday,12,4,1999
714,15,Wednesday,12,4,1999
715,16,Thursday,12,4,1999
716,17,Friday,12,4,1999
717,18,Saturday,12,4,1999
718,19,Sunday,12,4,1999
719,20,Monday,12,4,1999
720,21,Tuesday,12,4,1999
721,22,Wednesday,12,4,1999
722,23,Thursday,12,4,1999
723,24,Friday,12,4,1999
724,25,Saturday,12,4,1999
725,26,Sunday,12,4,1999
726,27,Monday,12,4,1999
727,28,Tuesday,12,4,1999
728,29,Wednesday,12,4,1999
729,30,Thursday,12,4,1999
730,31,Friday,12,4,1999
731,1,Saturday,1,1,2000
732,2,Sunday,1,1,2000
733,3,Monday,1,1,2000
734,4,Tuesday,1,1,2000
735,5,Wednesday,1,1,2000
736,6,Thursday,1,1,2000
737,7,Friday,1,1,2000
738,8,Saturday,1,1,2000
739,9,Sunday,1,1,2000
740,10,Monday,1,1,2000
741,11,Tuesday,1,1,2000
742,12,Wednesday,1,1,2000
743,13,Thursday,1,1,2000
744,14,Friday,1,1,2000
745,15,Saturday,1,1,2000
746,16,Sunday,1,1,2000
747,17,Monday,1,1,2000
748,18,Tuesday,1,1,2000
749,19,Wednesday,1,1,2000
750,20,Thursday,1,1,2000
751,21,Friday,1,1,2000
752,22,Saturday,1,1,2000
753,23,Sunday,1,1,2000
754,24,Monday,1,1,2000
755,25,Tuesday,1,1,2000
756,26,Wednesday,1,1,2000
757,27,Thursday,1,1,2000
758,28,Friday,1,1,2000
759,29,Saturday,1,1,2000
760,30,Sunday,1,1,2000
761,31,Monday,1,1,2000
762,1,Tuesday,2,1,2000
763,2,Wednesday,2,1,2000
764,3,Thursday,2,1,2000
765,4,Friday,2,1,2000
766,5,Saturday,2,1,2000
767,6,Sunday,2,1,2000
768,7,Monday,2,1,2000
769,8,Tuesday,2,1,2000
770,9,Wednesday,2,1,2000
771,10,Thursday,2,1,2000
772,11,Friday,2,1,2000
773,12,Saturday,2,1,2000
774,13,Sunday,2,1,2000
775,14,Monday,2,1,2000
776,15,Tuesday,2,1,2000
777,16,Wednesday,2,1,2000
778,17,Thursday,2,1,2000
779,18,Friday,2,1,2000
780,19,Saturday,2,1,2000
781,20,Sunday,2,1,2000
782,21,Monday,2,1,2000
783,22,Tuesday,2,1,2000
784,23,Wednesday,2,1,2000
785,24,Thursday,2,1,2000
786,25,Friday,2,1,2000
787,26,Saturday,2,1,2000
788,27,Sunday,2,1,2000
789,28,Monday,2,1,2000
790,29,Tuesday,2,1,2000
791,1,Wednesday,3,1,2000
792,2,Thursday,3,1,2000
793,3,Friday,3,1,2000
794,4,Saturday,3,1,2000
795,5,Sunday,3,1,2000
796,6,Monday,3,1,2000
797,7,Tuesday,3,1,2000
798,8,Wednesday,3,1,2000
799,9,Thursday,3,1,2000
800,10,Friday,3,1,2000
801,11,Saturday,3,1,2000
802,12,Sunday,3,1,2000
803,13,Monday,3,1,2000
804,14,Tuesday,3,1,2000
805,15,Wednesday,3,1,2000
806,16,Thursday,3,1,2000
807,17,Friday,3,1,2000
808,18,Saturday,3,1,2000
809,19,Sunday,3,1,2000
810,20,Monday,3,1,2000
811,21,Tuesday,3,1,2000
812,22,Wednesday,3,1,2000
813,23,Thursday,3,1,2000
814,24,Friday,3,1,2000
815,25,Saturday,3,1,2000
816,26,Sunday,3,1,2000
817,27,Monday,3,1,2000
818,28,Tuesday,3,1,2000
819,29,Wednesday,3,1,2000
820,30,Thursday,3,1,2000
821,31,Friday,3,1,2000
822,1,Saturday,4,2,2000
823,2,Sunday,4,2,2000
824,3,Monday,4,2,2000
825,4,Tuesday,4,2,2000
826,5,Wednesday,4,2,2000
827,6,Thursday,4,2,2000
828,7,Friday,4,2,2000
829,8,Saturday,4,2,2000
830,9,Sunday,4,2,2000
831,10,Monday,4,2,2000
832,11,Tuesday,4,2,2000
833,12,Wednesday,4,2,2000
834,13,Thursday,4,2,2000
835,14,Friday,4,2,2000
836,15,Saturday,4,2,2000
837,16,Sunday,4,2,2000
838,17,Monday,4,2,2000
839,18,Tuesday,4,2,2000
840,19,Wednesday,4,2,2000
841,20,Thursday,4,2,2000
842,21,Friday,4,2,2000
843,22,Saturday,4,2,2000
844,23,Sunday,4,2,2000
845,24,Monday,4,2,2000
846,25,Tuesday,4,2,2000
847,26,Wednesday,4,2,2000
848,27,Thursday,4,2,2000
849,28,Friday,4,2,2000
850,29,Saturday,4,2,2000
851,30,Sunday,4,2,2000
852,1,Monday,5,2,2000
853,2,Tuesday,5,2,2000
854,3,Wednesday,5,2,2000
855,4,Thursday,5,2,2000
856,5,Friday,5,2,2000
857,6,Saturday,5,2,2000
858,7,Sunday,5,2,2000
859,8,Monday,5,2,2000
860,9,Tuesday,5,2,2000
861,10,Wednesday,5,2,2000
862,11,Thursday,5,2,2000
863,12,Friday,5,2,2000
864,13,Saturday,5,2,2000
865,14,Sunday,5,2,2000
866,15,Monday,5,2,2000
867,16,Tuesday,5,2,2000
868,17,Wednesday,5,2,2000
869,18,Thursday,5,2,2000
870,19,Friday,5,2,2000
871,20,Saturday,5,2,2000
872,21,Sunday,5,2,2000
873,22,Monday,5,2,2000
874,23,Tuesday,5,2,2000
875,24,Wednesday,5,2,2000
876,25,Thursday,5,2,2000
877,26,Friday,5,2,2000
878,27,Saturday,5,2,2000
879,28,Sunday,5,2,2000
880,29,Monday,5,2,2000
881,30,Tuesday,5,2,2000
882,31,Wednesday,5,2,2000
883,1,Thursday,6,2,2000
884,2,Friday,6,2,2000
885,3,Saturday,6,2,2000
886,4,Sunday,6,2,2000
887,5,Monday,6,2,2000
888,6,Tuesday,6,2,2000
889,7,Wednesday,6,2,2000
890,8,Thursday,6,2,2000
891,9,Friday,6,2,2000
892,10,Saturday,6,2,2000
893,11,Sunday,6,2,2000
894,12,Monday,6,2,2000
895,13,Tuesday,6,2,2000
896,14,Wednesday,6,2,2000
897,15,Thursday,6,2,2000
898,16,Friday,6,2,2000
899,17,Saturday,6,2,2000
900,18,Sunday,6,2,2000
901,19,Monday,6,2,2000
902,20,Tuesday,6,2,2000
903,21,Wednesday,6,2,2000
904,22,Thursday,6,2,2000
905,23,Friday,6,2,2000
906,24,Saturday,6,2,2000
907,25,Sunday,6,2,2000
908,26,Monday,6,2,2000
909,27,Tuesday,6,2,2000
910,28,Wednesday,6,2,2000
911,29,Thursday,6,2,2000
912,30,Friday,6,2,2000
913,1,Saturday,7,3,2000
914,2,Sunday,7,3,2000
915,3,Monday,7,3,2000
916,4,Tuesday,7,3,2000
917,5,Wednesday,7,3,2000
918,6,Thursday,7,3,2000
919,7,Friday,7,3,2000
920,8,Saturday,7,3,2000
921,9,Sunday,7,3,2000
922,10,Monday,7,3,2000
923,11,Tuesday,7,3,2000
924,12,Wednesday,7,3,2000
925,13,Thursday,7,3,2000
926,14,Friday,7,3,2000
927,15,Saturday,7,3,2000
928,16,Sunday,7,3,2000
929,17,Monday,7,3,2000
930,18,Tuesday,7,3,2000
931,19,Wednesday,7,3,2000
932,20,Thursday,7,3,2000
933,21,Friday,7,3,2000
934,22,Saturday,7,3,2000
935,23,Sunday,7,3,2000
936,24,Monday,7,3,2000
937,25,Tuesday,7,3,2000
938,26,Wednesday,7,3,2000
939,27,Thursday,7,3,2000
940,28,Friday,7,3,2000
941,29,Saturday,7,3,2000
942,30,Sunday,7,3,2000
943,31,Monday,7,3,2000
944,1,Tuesday,8,3,2000
945,2,Wednesday,8,3,2000
946,3,Thursday,8,3,2000
947,4,Friday,8,3,2000
948,5,Saturday,8,3,2000
949,6,Sunday,8,3,2000
950,7,Monday,8,3,2000
951,8,Tuesday,8,3,2000
952,9,Wednesday,8,3,2000
953,10,Thursday,8,3,2000
954,11,Friday,8,3,2000
955,12,Saturday,8,3,2000
956,13,Sunday,8,3,2000
957,14,Monday,8,3,2000
958,15,Tuesday,8,3,2000
959,16,Wednesday,8,3,2000
960,17,Thursday,8,3,2000
961,18,Friday,8,3,2000
962,19,Saturday,8,3,2000
963,20,Sunday,8,3,2000
964,21,Monday,8,3,2000
965,22,Tuesday,8,3,2000
966,23,Wednesday,8,3,2000
967,24,Thursday,8,3,2000
968,25,Friday,8,3,2000
969,26,Saturday,8,3,2000
970,27,Sunday,8,3,2000
971,28,Monday,8,3,2000
972,29,Tuesday,8,3,2000
973,30,Wednesday,8,3,2000
974,31,Thursday,8,3,2000
975,1,Friday,9,3,2000
976,2,Saturday,9,3,2000
977,3,Sunday,9,3,2000
978,4,Monday,9,3,2000
979,5,Tuesday,9,3,2000
980,6,Wednesday,9,3,2000
981,7,Thursday,9,3,2000
982,8,Friday,9,3,2000
983,9,Saturday,9,3,2000
984,10,Sunday,9,3,2000
985,11,Monday,9,3,2000
986,12,Tuesday,9,3,2000
987,13,Wednesday,9,3,2000
988,14,Thursday,9,3,2000
989,15,Friday,9,3,2000
990,16,Saturday,9,3,2000
991,17,Sunday,9,3,2000
992,18,Monday,9,3,2000
993,19,Tuesday,9,3,2000
994,20,Wednesday,9,3,2000
995,21,Thursday,9,3,2000
996,22,Friday,9,3,2000
997,23,Saturday,9,3,2000
998,24,Sunday,9,3,2000
999,25,Monday,9,3,2000
1000,26,Tuesday,9,3,2000
1001,27,Wednesday,9,3,2000
1002,28,Thursday,9,3,2000
1003,29,Friday,9,3,2000
1004,30,Saturday,9,3,2000
1005,1,Sunday,10,4,2000
1006,2,Monday,10,4,2000
1007,3,Tuesday,10,4,2000
1008,4,Wednesday,10,4,2000
1009,5,Thursday,10,4,2000
1010,6,Friday,10,4,2000
1011,7,Saturday,10,4,2000
1012,8,Sunday,10,4,2000
1013,9,Monday,10,4,2000
1014,10,Tuesday,10,4,2000
1015,11,Wednesday,10,4,2000
1016,12,Thursday,10,4,2000
1017,13,Friday,10,4,2000
1018,14,Saturday,10,4,2000
1019,15,Sunday,10,4,2000
1020,16,Monday,10,4,2000
1021,17,Tuesday,10,4,2000
1022,18,Wednesday,10,4,2000
1023,19,Thursday,10,4,2000
1024,20,Friday,10,4,2000
1025,21,Saturday,10,4,2000
1026,22,Sunday,10,4,2000
1027,23,Monday,10,4,2000
1028,24,Tuesday,10,4,2000
1029,25,Wednesday,10,4,2000
1030,26,Thursday,10,4,2000
1031,27,Friday,10,4,2000
1032,28,Saturday,10,4,2000
1033,29,Sunday,10,4,2000
1034,30,Monday,10,4,2000
1035,31,Tuesday,10,4,2000
1036,1,Wednesday,11,4,2000
1037,2,Thursday,11,4,2000
1038,3,Friday,11,4,2000
1039,4,Saturday,11,4,2000
1040,5,Sunday,11,4,2000
1041,6,Monday,11,4,2000
1042,7,Tuesday,11,4,2000
1043,8,Wednesday,11,4,2000
1044,9,Thursday,11,4,2000
1045,10,Friday,11,4,2000
1046,11,Saturday,11,4,2000
1047,12,Sunday,11,4,2000
1048,13,Monday,11,4,2000
1049,14,Tuesday,11,4,2000
1050,15,Wednesday,11,4,2000
1051,16,Thursday,11,4,2000
1052,17,Friday,11,4,2000
1053,18,Saturday,11,4,2000
1054,19,Sunday,11,4,2000
1055,20,Monday,11,4,2000
1056,21,Tuesday,11,4,2000
1057,22,Wednesday,11,4,2000
1058,23,Thursday,11,4,2000
1059,24,Friday,11,4,2000
1060,25,Saturday,11,4,2000
1061,26,Sunday,11,4,2000
1062,27,Monday,11,4,2000
1063,28,Tuesday,11,4,2000
1064,29,Wednesday,11,4,2000
1065,30,Thursday,11,4,2000
1066,1,Friday,12,4,2000
1067,2,Saturday,12,4,2000
1068,3,Sunday,12,4,2000
1069,4,Monday,12,4,2000
1070,5,Tuesday,12,4,2000
1071,6,Wednesday,12,4,2000
1072,7,Thursday,12,4,2000
1073,8,Friday,12,4,2000
1074,9,Saturday,12,4,2000
1075,10,Sunday,12,4,2000
1076,11,Monday,12,4,2000
1077,12,Tuesday,12,4,2000
1078,13,Wednesday,12,4,2000
1079,14,Thursday,12,4,2000
1080,15,Friday,12,4,2000
1081,16,Saturday,12,4,2000
1082,17,Sunday,12,4,2000
1083,18,Monday,12,4,2000
1084,19,Tuesday,12,4,2000
1085,20,Wednesday,12,4,2000
1086,21,Thursday,12,4,2000
1087,22,Friday,12,4,2000
1088,23,Saturday,12,4,2000
1089,24,Sunday,12,4,2000
1090,25,Monday,12,4,2000
1091,26,Tuesday,12,4,2000
1092,27,Wednesday,12,4,2000
1093,28,Thursday,12,4,2000
1094,29,Friday,12,4,2000
1095,30,Saturday,12,4,2000
1096,31,Sunday,12,4,2000
1097,1,Monday,1,1,2001
1098,2,Tuesday,1,1,2001
1099,3,Wednesday,1,1,2001
1100,4,Thursday,1,1,2001
1101,5,Friday,1,1,2001
1102,6,Saturday,1,1,2001
1103,7,Sunday,1,1,2001
1104,8,Monday,1,1,2001
1105,9,Tuesday,1,1,2001
1106,10,Wednesday,1,1,2001
1107,11,Thursday,1,1,2001
1108,12,Friday,1,1,2001
1109,13,Saturday,1,1,2001
1110,14,Sunday,1,1,2001
1111,15,Monday,1,1,2001
1112,16,Tuesday,1,1,2001
1113,17,Wednesday,1,1,2001
1114,18,Thursday,1,1,2001
1115,19,Friday,1,1,2001
1116,20,Saturday,1,1,2001
1117,21,Sunday,1,1,2001
1118,22,Monday,1,1,2001
1119,23,Tuesday,1,1,2001
1120,24,Wednesday,1,1,2001
1121,25,Thursday,1,1,2001
1122,26,Friday,1,1,2001
1123,27,Saturday,1,1,2001
1124,28,Sunday,1,1,2001
1125,29,Monday,1,1,2001
1126,30,Tuesday,1,1,2001
1127,31,Wednesday,1,1,2001
1128,1,Thursday,2,1,2001
1129,2,Friday,2,1,2001
1130,3,Saturday,2,1,2001
1131,4,Sunday,2,1,2001
1132,5,Monday,2,1,2001
1133,6,Tuesday,2,1,2001
1134,7,Wednesday,2,1,2001
1135,8,Thursday,2,1,2001
1136,9,Friday,2,1,2001
1137,10,Saturday,2,1,2001
1138,11,Sunday,2,1,2001
1139,12,Monday,2,1,2001
1140,13,Tuesday,2,1,2001
1141,14,Wednesday,2,1,2001
1142,15,Thursday,2,1,2001
1143,16,Friday,2,1,2001
1144,17,Saturday,2,1,2001
1145,18,Sunday,2,1,2001
1146,19,Monday,2,1,2001
1147,20,Tuesday,2,1,2001
1148,21,Wednesday,2,1,2001
1149,22,Thursday,2,1,2001
1150,23,Friday,2,1,2001
1151,24,Saturday,2,1,2001
1152,25,Sunday,2,1,2001
1153,26,Monday,2,1,2001
1154,27,Tuesday,2,1,2001
1155,28,Wednesday,2,1,2001
1156,1,Thursday,3,1,2001
1157,2,Friday,3,1,2001
1158,3,Saturday,3,1,2001
1159,4,Sunday,3,1,2001
1160,5,Monday,3,1,2001
1161,6,Tuesday,3,1,2001
1162,7,Wednesday,3,1,2001
1163,8,Thursday,3,1,2001
1164,9,Friday,3,1,2001
1165,10,Saturday,3,1,2001
1166,11,Sunday,3,1,2001
1167,12,Monday,3,1,2001
1168,13,Tuesday,3,1,2001
1169,14,Wednesday,3,1,2001
1170,15,Thursday,3,1,2001
1171,16,Friday,3,1,2001
1172,17,Saturday,3,1,2001
1173,18,Sunday,3,1,2001
1174,19,Monday,3,1,2001
1175,20,Tuesday,3,1,2001
1176,21,Wednesday,3,1,2001
1177,22,Thursday,3,1,2001
1178,23,Friday,3,1,2001
1179,24,Saturday,3,1,2001
1180,25,Sunday,3,1,2001
1181,26,Monday,3,1,2001
1182,27,Tuesday,3,1,2001
1183,28,Wednesday,3,1,2001
1184,29,Thursday,3,1,2001
1185,30,Friday,3,1,2001
1186,31,Saturday,3,1,2001
1187,1,Sunday,4,2,2001
1188,2,Monday,4,2,2001
1189,3,Tuesday,4,2,2001
1190,4,Wednesday,4,2,2001
1191,5,Thursday,4,2,2001
1192,6,Friday,4,2,2001
1193,7,Saturday,4,2,2001
1194,8,Sunday,4,2,2001
1195,9,Monday,4,2,2001
1196,10,Tuesday,4,2,2001
1197,11,Wednesday,4,2,2001
1198,12,Thursday,4,2,2001
1199,13,Friday,4,2,2001
1200,14,Saturday,4,2,2001
1201,15,Sunday,4,2,2001
1202,16,Monday,4,2,2001
1203,17,Tuesday,4,2,2001
1204,18,Wednesday,4,2,2001
1205,19,Thursday,4,2,2001
1206,20,Friday,4,2,2001
1207,21,Saturday,4,2,2001
1208,22,Sunday,4,2,2001
1209,23,Monday,4,2,2001
1210,24,Tuesday,4,2,2001
1211,25,Wednesday,4,2,2001
1212,26,Thursday,4,2,2001
1213,27,Friday,4,2,2001
1214,28,Saturday,4,2,2001
1215,29,Sunday,4,2,2001
1216,30,Monday,4,2,2001
1217,1,Tuesday,5,2,2001
1218,2,Wednesday,5,2,2001
1219,3,Thursday,5,2,2001
1220,4,Friday,5,2,2001
1221,5,Saturday,5,2,2001
1222,6,Sunday,5,2,2001
1223,7,Monday,5,2,2001
1224,8,Tuesday,5,2,2001
1225,9,Wednesday,5,2,2001
1226,10,Thursday,5,2,2001
1227,11,Friday,5,2,2001
1228,12,Saturday,5,2,2001
1229,13,Sunday,5,2,2001
1230,14,Monday,5,2,2001
1231,15,Tuesday,5,2,2001
1232,16,Wednesday,5,2,2001
1233,17,Thursday,5,2,2001
1234,18,Friday,5,2,2001
1235,19,Saturday,5,2,2001
1236,20,Sunday,5,2,2001
1237,21,Monday,5,2,2001
1238,22,Tuesday,5,2,2001
1239,23,Wednesday,5,2,2001
1240,24,Thursday,5,2,2001
1241,25,Friday,5,2,2001
1242,26,Saturday,5,2,2001
1243,27,Sunday,5,2,2001
1244,28,Monday,5,2,2001
1245,29,Tuesday,5,2,2001
1246,30,Wednesday,5,2,2001
1247,31,Thursday,5,2,2001
1248,1,Friday,6,2,2001
1249,2,Saturday,6,2,2001
1250,3,Sunday,6,2,2001
1251,4,Monday,6,2,2001
1252,5,Tuesday,6,2,2001
1253,6,Wednesday,6,2,2001
1254,7,Thursday,6,2,2001
1255,8,Friday,6,2,2001
1256,9,Saturday,6,2,2001
1257,10,Sunday,6,2,2001
1258,11,Monday,6,2,2001
1259,12,Tuesday,6,2,2001
1260,13,Wednesday,6,2,2001
1261,14,Thursday,6,2,2001
1262,15,Friday,6,2,2001
1263,16,Saturday,6,2,2001
1264,17,Sunday,6,2,2001
1265,18,Monday,6,2,2001
1266,19,Tuesday,6,2,2001
1267,20,Wednesday,6,2,2001
1268,21,Thursday,6,2,2001
1269,22,Friday,6,2,2001
1270,23,Saturday,6,2,2001
1271,24,Sunday,6,2,2001
1272,25,Monday,6,2,2001
1273,26,Tuesday,6,2,2001
1274,27,Wednesday,6,2,2001
1275,28,Thursday,6,2,2001
1276,29,Friday,6,2,2001
1277,30,Saturday,6,2,2001
1278,1,Sunday,7,3,2001
1279,2,Monday,7,3,2001
1280,3,Tuesday,7,3,2001
1281,4,Wednesday,7,3,2001
1282,5,Thursday,7,3,2001
1283,6,Friday,7,3,2001
1284,7,Saturday,7,3,2001
1285,8,Sunday,7,3,2001
1286,9,Monday,7,3,2001
1287,10,Tuesday,7,3,2001
1288,11,Wednesday,7,3,2001
1289,12,Thursday,7,3,2001
1290,13,Friday,7,3,2001
1291,14,Saturday,7,3,2001
1292,15,Sunday,7,3,2001
1293,16,Monday,7,3,2001
1294,17,Tuesday,7,3,2001
1295,18,Wednesday,7,3,2001
1296,19,Thursday,7,3,2001
1297,20,Friday,7,3,2001
1298,21,Saturday,7,3,2001
1299,22,Sunday,7,3,2001
1300,23,Monday,7,3,2001
1301,24,Tuesday,7,3,2001
1302,25,Wednesday,7,3,2001
1303,26,Thursday,7,3,2001
1304,27,Friday,7,3,2001
1305,28,Saturday,7,3,2001
1306,29,Sunday,7,3,2001
1307,30,Monday,7,3,2001
1308,31,Tuesday,7,3,2001
1309,1,Wednesday,8,3,2001
1310,2,Thursday,8,3,2001
1311,3,Friday,8,3,2001
1312,4,Saturday,8,3,2001
1313,5,Sunday,8,3,2001
1314,6,Monday,8,3,2001
1315,7,Tuesday,8,3,2001
1316,8,Wednesday,8,3,2001
1317,9,Thursday,8,3,2001
1318,10,Friday,8,3,2001
1319,11,Saturday,8,3,2001
1320,12,Sunday,8,3,2001
1321,13,Monday,8,3,2001
1322,14,Tuesday,8,3,2001
1323,15,Wednesday,8,3,2001
1324,16,Thursday,8,3,2001
1325,17,Friday,8,3,2001
1326,18,Saturday,8,3,2001
1327,19,Sunday,8,3,2001
1328,20,Monday,8,3,2001
1329,21,Tuesday,8,3,2001
1330,22,Wednesday,8,3,2001
1331,23,Thursday,8,3,2001
1332,24,Friday,8,3,2001
1333,25,Saturday,8,3,2001
1334,26,Sunday,8,3,2001
1335,27,Monday,8,3,2001
1336,28,Tuesday,8,3,2001
1337,29,Wednesday,8,3,2001
1338,30,Thursday,8,3,2001
1339,31,Friday,8,3,2001
1340,1,Saturday,9,3,2001
1341,2,Sunday,9,3,2001
1342,3,Monday,9,3,2001
1343,4,Tuesday,9,3,2001
1344,5,Wednesday,9,3,2001
1345,6,Thursday,9,3,2001
1346,7,Friday,9,3,2001
1347,8,Saturday,9,3,2001
1348,9,Sunday,9,3,2001
1349,10,Monday,9,3,2001
1350,11,Tuesday,9,3,2001
1351,12,Wednesday,9,3,2001
1352,13,Thursday,9,3,2001
1353,14,Friday,9,3,2001
1354,15,Saturday,9,3,2001
1355,16,Sunday,9,3,2001
1356,17,Monday,9,3,2001
1357,18,Tuesday,9,3,2001
1358,19,Wednesday,9,3,2001
1359,20,Thursday,9,3,2001
1360,21,Friday,9,3,2001
1361,22,Saturday,9,3,2001
1362,23,Sunday,9,3,2001
1363,24,Monday,9,3,2001
1364,25,Tuesday,9,3,2001
1365,26,Wednesday,9,3,2001
1366,27,Thursday,9,3,2001
1367,28,Friday,9,3,2001
1368,29,Saturday,9,3,2001
1369,30,Sunday,9,3,2001
1370,1,Monday,10,4,2001
1371,2,Tuesday,10,4,2001
1372,3,Wednesday,10,4,2001
1373,4,Thursday,10,4,2001
1374,5,Friday,10,4,2001
1375,6,Saturday,10,4,2001
1376,7,Sunday,10,4,2001
1377,8,Monday,10,4,2001
1378,9,Tuesday,10,4,2001
1379,10,Wednesday,10,4,2001
1380,11,Thursday,10,4,2001
1381,12,Friday,10,4,2001
1382,13,Saturday,10,4,2001
1383,14,Sunday,10,4,2001
1384,15,Monday,10,4,2001
1385,16,Tuesday,10,4,2001
1386,17,Wednesday,10,4,2001
1387,18,Thursday,10,4,2001
1388,19,Friday,10,4,2001
1389,20,Saturday,10,4,2001
1390,21,Sunday,10,4,2001
1391,22,Monday,10,4,2001
1392,23,Tuesday,10,4,2001
1393,24,Wednesday,10,4,2001
1394,25,Thursday,10,4,2001
1395,26,Friday,10,4,2001
1396,27,Saturday,10,4,2001
1397,28,Sunday,10,4,2001
1398,29,Monday,10,4,2001
1399,30,Tuesday,10,4,2001
1400,31,Wednesday,10,4,2001
1401,1,Thursday,11,4,2001
1402,2,Friday,11,4,2001
1403,3,Saturday,11,4,2001
1404,4,Sunday,11,4,2001
1405,5,Monday,11,4,2001
1406,6,Tuesday,11,4,2001
1407,7,Wednesday,11,4,2001
1408,8,Thursday,11,4,2001
1409,9,Friday,11,4,2001
1410,10,Saturday,11,4,2001
1411,11,Sunday,11,4,2001
1412,12,Monday,11,4,2001
1413,13,Tuesday,11,4,2001
1414,14,Wednesday,11,4,2001
1415,15,Thursday,11,4,2001
1416,16,Friday,11,4,2001
1417,17,Saturday,11,4,2001
1418,18,Sunday,11,4,2001
1419,19,Monday,11,4,2001
1420,20,Tuesday,11,4,2001
1421,21,Wednesday,11,4,2001
1422,22,Thursday,11,4,2001
1423,23,Friday,11,4,2001
1424,24,Saturday,11,4,2001
1425,25,Sunday,11,4,2001
1426,26,Monday,11,4,2001
1427,27,Tuesday,11,4,2001
1428,28,Wednesday,11,4,2001
1429,29,Thursday,11,4,2001
1430,30,Friday,11,4,2001
1431,1,Saturday,12,4,2001
1432,2,Sunday,12,4,2001
1433,3,Monday,12,4,2001
1434,4,Tuesday,12,4,2001
1435,5,Wednesday,12,4,2001
1436,6,Thursday,12,4,2001
1437,7,Friday,12,4,2001
1438,8,Saturday,12,4,2001
1439,9,Sunday,12,4,2001
1440,10,Monday,12,4,2001
1441,11,Tuesday,12,4,2001
1442,12,Wednesday,12,4,2001
1443,13,Thursday,12,4,2001
1444,14,Friday,12,4,2001
1445,15,Saturday,12,4,2001
1446,16,Sunday,12,4,2001
1447,17,Monday,12,4,2001
1448,18,Tuesday,12,4,2001
1449,19,Wednesday,12,4,2001
1450,20,Thursday,12,4,2001
1451,21,Friday,12,4,2001
1452,22,Saturday,12,4,2001
1453,23,Sunday,12,4,2001
1454,24,Monday,12,4,2001
1455,25,Tuesday,12,4,2001
1456,26,Wednesday,12,4,2001
1457,27,Thursday,12,4,2001
1458,28,Friday,12,4,2001
1459,29,Saturday,12,4,2001
1460,30,Sunday,12,4,2001
1461,31,Monday,12,4,2001
1462,1,Tuesday,1,1,2002
1463,2,Wednesday,1,1,2002
1464,3,Thursday,1,1,2002
1465,4,Friday,1,1,2002
1466,5,Saturday,1,1,2002
1467,6,Sunday,1,1,2002
1468,7,Monday,1,1,2002
1469,8,Tuesday,1,1,2002
1470,9,Wednesday,1,1,2002
1471,10,Thursday,1,1,2002
1472,11,Friday,1,1,2002
1473,12,Saturday,1,1,2002
1474,13,Sunday,1,1,2002
1475,14,Monday,1,1,2002
1476,15,Tuesday,1,1,2002
1477,16,Wednesday,1,1,2002
1478,17,Thursday,1,1,2002
1479,18,Friday,1,1,2002
1480,19,Saturday,1,1,2002
1481,20,Sunday,1,1,2002
1482,21,Monday,1,1,2002
1483,22,Tuesday,1,1,2002
1484,23,Wednesday,1,1,2002
1485,24,Thursday,1,1,2002
1486,25,Friday,1,1,2002
1487,26,Saturday,1,1,2002
1488,27,Sunday,1,1,2002
1489,28,Monday,1,1,2002
1490,29,Tuesday,1,1,2002
1491,30,Wednesday,1,1,2002
1492,31,Thursday,1,1,2002
1493,1,Friday,2,1,2002
1494,2,Saturday,2,1,2002
1495,3,Sunday,2,1,2002
1496,4,Monday,2,1,2002
1497,5,Tuesday,2,1,2002
1498,6,Wednesday,2,1,2002
1499,7,Thursday,2,1,2002
1500,8,Friday,2,1,2002
1501,9,Saturday,2,1,2002
1502,10,Sunday,2,1,2002
1503,11,Monday,2,1,2002
1504,12,Tuesday,2,1,2002
1505,13,Wednesday,2,1,2002
1506,14,Thursday,2,1,2002
1507,15,Friday,2,1,2002
1508,16,Saturday,2,1,2002
1509,17,Sunday,2,1,2002
1510,18,Monday,2,1,2002
1511,19,Tuesday,2,1,2002
1512,20,Wednesday,2,1,2002
1513,21,Thursday,2,1,2002
1514,22,Friday,2,1,2002
1515,23,Saturday,2,1,2002
1516,24,Sunday,2,1,2002
1517,25,Monday,2,1,2002
1518,26,Tuesday,2,1,2002
1519,27,Wednesday,2,1,2002
1520,28,Thursday,2,1,2002
1521,1,Friday,3,1,2002
1522,2,Saturday,3,1,2002
1523,3,Sunday,3,1,2002
1524,4,Monday,3,1,2002
1525,5,Tuesday,3,1,2002
1526,6,Wednesday,3,1,2002
1527,7,Thursday,3,1,2002
1528,8,Friday,3,1,2002
1529,9,Saturday,3,1,2002
1530,10,Sunday,3,1,2002
1531,11,Monday,3,1,2002
1532,12,Tuesday,3,1,2002
1533,13,Wednesday,3,1,2002
1534,14,Thursday,3,1,2002
1535,15,Friday,3,1,2002
1536,16,Saturday,3,1,2002
1537,17,Sunday,3,1,2002
1538,18,Monday,3,1,2002
1539,19,Tuesday,3,1,2002
1540,20,Wednesday,3,1,2002
1541,21,Thursday,3,1,2002
1542,22,Friday,3,1,2002
1543,23,Saturday,3,1,2002
1544,24,Sunday,3,1,2002
1545,25,Monday,3,1,2002
1546,26,Tuesday,3,1,2002
1547,27,Wednesday,3,1,2002
1548,28,Thursday,3,1,2002
1549,29,Friday,3,1,2002
1550,30,Saturday,3,1,2002
1551,31,Sunday,3,1,2002
1552,1,Monday,4,2,2002
1553,2,Tuesday,4,2,2002
1554,3,Wednesday,4,2,2002
1555,4,Thursday,4,2,2002
1556,5,Friday,4,2,2002
1557,6,Saturday,4,2,2002
1558,7,Sunday,4,2,2002
1559,8,Monday,4,2,2002
1560,9,Tuesday,4,2,2002
1561,10,Wednesday,4,2,2002
1562,11,Thursday,4,2,2002
1563,12,Friday,4,2,2002
1564,13,Saturday,4,2,2002
1565,14,Sunday,4,2,2002
1566,15,Monday,4,2,2002
1567,16,Tuesday,4,2,2002
1568,17,Wednesday,4,2,2002
1569,18,Thursday,4,2,2002
1570,19,Friday,4,2,2002
1571,20,Saturday,4,2,2002
1572,21,Sunday,4,2,2002
1573,22,Monday,4,2,2002
1574,23,Tuesday,4,2,2002
1575,24,Wednesday,4,2,2002
1576,25,Thursday,4,2,2002
1577,26,Friday,4,2,2002
1578,27,Saturday,4,2,2002
1579,28,Sunday,4,2,2002
1580,29,Monday,4,2,2002
1581,30,Tuesday,4,2,2002
1582,1,Wednesday,5,2,2002
1583,2,Thursday,5,2,2002
1584,3,Friday,5,2,2002
1585,4,Saturday,5,2,2002
1586,5,Sunday,5,2,2002
1587,6,Monday,5,2,2002
1588,7,Tuesday,5,2,2002
1589,8,Wednesday,5,2,2002
1590,9,Thursday,5,2,2002
1591,10,Friday,5,2,2002
1592,11,Saturday,5,2,2002
1593,12,Sunday,5,2,2002
1594,13,Monday,5,2,2002
1595,14,Tuesday,5,2,2002
1596,15,Wednesday,5,2,2002
1597,16,Thursday,5,2,2002
1598,17,Friday,5,2,2002
1599,18,Saturday,5,2,2002
1600,19,Sunday,5,2,2002
1601,20,Monday,5,2,2002
1602,21,Tuesday,5,2,2002
1603,22,Wednesday,5,2,2002
1604,23,Thursday,5,2,2002
1605,24,Friday,5,2,2002
1606,25,Saturday,5,2,2002
1607,26,Sunday,5,2,2002
1608,27,Monday,5,2,2002
1609,28,Tuesday,5,2,2002
1610,29,Wednesday,5,2,2002
1611,30,Thursday,5,2,2002
1612,31,Friday,5,2,2002
1613,1,Saturday,6,2,2002
1614,2,Sunday,6,2,2002
1615,3,Monday,6,2,2002
1616,4,Tuesday,6,2,2002
1617,5,Wednesday,6,2,2002
1618,6,Thursday,6,2,2002
1619,7,Friday,6,2,2002
1620,8,Saturday,6,2,2002
1621,9,Sunday,6,2,2002
1622,10,Monday,6,2,2002
1623,11,Tuesday,6,2,2002
1624,12,Wednesday,6,2,2002
1625,13,Thursday,6,2,2002
1626,14,Friday,6,2,2002
1627,15,Saturday,6,2,2002
1628,16,Sunday,6,2,2002
1629,17,Monday,6,2,2002
1630,18,Tuesday,6,2,2002
1631,19,Wednesday,6,2,2002
1632,20,Thursday,6,2,2002
1633,21,Friday,6,2,2002
1634,22,Saturday,6,2,2002
1635,23,Sunday,6,2,2002
1636,24,Monday,6,2,2002
1637,25,Tuesday,6,2,2002
1638,26,Wednesday,6,2,2002
1639,27,Thursday,6,2,2002
1640,28,Friday,6,2,2002
1641,29,Saturday,6,2,2002
1642,30,Sunday,6,2,2002
1643,1,Monday,7,3,2002
1644,2,Tuesday,7,3,2002
1645,3,Wednesday,7,3,2002
1646,4,Thursday,7,3,2002
1647,5,Friday,7,3,2002
1648,6,Saturday,7,3,2002
1649,7,Sunday,7,3,2002
1650,8,Monday,7,3,2002
1651,9,Tuesday,7,3,2002
1652,10,Wednesday,7,3,2002
1653,11,Thursday,7,3,2002
1654,12,Friday,7,3,2002
1655,13,Saturday,7,3,2002
1656,14,Sunday,7,3,2002
1657,15,Monday,7,3,2002
1658,16,Tuesday,7,3,2002
1659,17,Wednesday,7,3,2002
1660,18,Thursday,7,3,2002
1661,19,Friday,7,3,2002
1662,20,Saturday,7,3,2002
1663,21,Sunday,7,3,2002
1664,22,Monday,7,3,2002
1665,23,Tuesday,7,3,2002
1666,24,Wednesday,7,3,2002
1667,25,Thursday,7,3,2002
1668,26,Friday,7,3,2002
1669,27,Saturday,7,3,2002
1670,28,Sunday,7,3,2002
1671,29,Monday,7,3,2002
1672,30,Tuesday,7,3,2002
1673,31,Wednesday,7,3,2002
1674,1,Thursday,8,3,2002
1675,2,Friday,8,3,2002
1676,3,Saturday,8,3,2002
1677,4,Sunday,8,3,2002
1678,5,Monday,8,3,2002
1679,6,Tuesday,8,3,2002
1680,7,Wednesday,8,3,2002
1681,8,Thursday,8,3,2002
1682,9,Friday,8,3,2002
1683,10,Saturday,8,3,2002
1684,11,Sunday,8,3,2002
1685,12,Monday,8,3,2002
1686,13,Tuesday,8,3,2002
1687,14,Wednesday,8,3,2002
1688,15,Thursday,8,3,2002
1689,16,Friday,8,3,2002
1690,17,Saturday,8,3,2002
1691,18,Sunday,8,3,2002
1692,19,Monday,8,3,2002
1693,20,Tuesday,8,3,2002
1694,21,Wednesday,8,3,2002
1695,22,Thursday,8,3,2002
1696,23,Friday,8,3,2002
1697,24,Saturday,8,3,2002
1698,25,Sunday,8,3,2002
1699,26,Monday,8,3,2002
1700,27,Tuesday,8,3,2002
1701,28,Wednesday,8,3,2002
1702,29,Thursday,8,3,2002
1703,30,Friday,8,3,2002
1704,31,Saturday,8,3,2002
1705,1,Sunday,9,3,2002
1706,2,Monday,9,3,2002
1707,3,Tuesday,9,3,2002
1708,4,Wednesday,9,3,2002
1709,5,Thursday,9,3,2002
1710,6,Friday,9,3,2002
1711,7,Saturday,9,3,2002
1712,8,Sunday,9,3,2002
1713,9,Monday,9,3,2002
1714,10,Tuesday,9,3,2002
1715,11,Wednesday,9,3,2002
1716,12,Thursday,9,3,2002
1717,13,Friday,9,3,2002
1718,14,Saturday,9,3,2002
1719,15,Sunday,9,3,2002
1720,16,Monday,9,3,2002
1721,17,Tuesday,9,3,2002
1722,18,Wednesday,9,3,2002
1723,19,Thursday,9,3,2002
1724,20,Friday,9,3,2002
1725,21,Saturday,9,3,2002
1726,22,Sunday,9,3,2002
1727,23,Monday,9,3,2002
1728,24,Tuesday,9,3,2002
1729,25,Wednesday,9,3,2002
1730,26,Thursday,9,3,2002
1731,27,Friday,9,3,2002
1732,28,Saturday,9,3,2002
1733,29,Sunday,9,3,2002
1734,30,Monday,9,3,2002
1735,1,Tuesday,10,4,2002
1736,2,Wednesday,10,4,2002
1737,3,Thursday,10,4,2002
1738,4,Friday,10,4,2002
1739,5,Saturday,10,4,2002
1740,6,Sunday,10,4,2002
1741,7,Monday,10,4,2002
1742,8,Tuesday,10,4,2002
1743,9,Wednesday,10,4,2002
1744,10,Thursday,10,4,2002
1745,11,Friday,10,4,2002
1746,12,Saturday,10,4,2002
1747,13,Sunday,10,4,2002
1748,14,Monday,10,4,2002
1749,15,Tuesday,10,4,2002
1750,16,Wednesday,10,4,2002
1751,17,Thursday,10,4,2002
1752,18,Friday,10,4,2002
1753,19,Saturday,10,4,2002
1754,20,Sunday,10,4,2002
1755,21,Monday,10,4,2002
1756,22,Tuesday,10,4,2002
1757,23,Wednesday,10,4,2002
1758,24,Thursday,10,4,2002
1759,25,Friday,10,4,2002
1760,26,Saturday,10,4,2002
1761,27,Sunday,10,4,2002
1762,28,Monday,10,4,2002
1763,29,Tuesday,10,4,2002
1764,30,Wednesday,10,4,2002
1765,31,Thursday,10,4,2002
1766,1,Friday,11,4,2002
1767,2,Saturday,11,4,2002
1768,3,Sunday,11,4,2002
1769,4,Monday,11,4,2002
1770,5,Tuesday,11,4,2002
1771,6,Wednesday,11,4,2002
1772,7,Thursday,11,4,2002
1773,8,Friday,11,4,2002
1774,9,Saturday,11,4,2002
1775,10,Sunday,11,4,2002
1776,11,Monday,11,4,2002
1777,12,Tuesday,11,4,2002
1778,13,Wednesday,11,4,2002
1779,14,Thursday,11,4,2002
1780,15,Friday,11,4,2002
1781,16,Saturday,11,4,2002
1782,17,Sunday,11,4,2002
1783,18,Monday,11,4,2002
1784,19,Tuesday,11,4,2002
1785,20,Wednesday,11,4,2002
1786,21,Thursday,11,4,2002
1787,22,Friday,11,4,2002
1788,23,Saturday,11,4,2002
1789,24,Sunday,11,4,2002
1790,25,Monday,11,4,2002
1791,26,Tuesday,11,4,2002
1792,27,Wednesday,11,4,2002
1793,28,Thursday,11,4,2002
1794,29,Friday,11,4,2002
1795,30,Saturday,11,4,2002
1796,1,Sunday,12,4,2002
1797,2,Monday,12,4,2002
1798,3,Tuesday,12,4,2002
1799,4,Wednesday,12,4,2002
1800,5,Thursday,12,4,2002
1801,6,Friday,12,4,2002
1802,7,Saturday,12,4,2002
1803,8,Sunday,12,4,2002
1804,9,Monday,12,4,2002
1805,10,Tuesday,12,4,2002
1806,11,Wednesday,12,4,2002
1807,12,Thursday,12,4,2002
1808,13,Friday,12,4,2002
1809,14,Saturday,12,4,2002
1810,15,Sunday,12,4,2002
1811,16,Monday,12,4,2002
1812,17,Tuesday,12,4,2002
1813,18,Wednesday,12,4,2002
1814,19,Thursday,12,4,2002
1815,20,Friday,12,4,2002
1816,21,Saturday,12,4,2002
1817,22,Sunday,12,4,2002
1818,23,Monday,12,4,2002
1819,24,Tuesday,12,4,2002
1820,25,Wednesday,12,4,2002
1821,26,Thursday,12,4,2002
1822,27,Friday,12,4,2002
1823,28,Saturday,12,4,2002
1824,29,Sunday,12,4,2002
1825,30,Monday,12,4,2002
1826,31,Tuesday,12,4,2002
1827,1,Wednesday,1,1,2003
1828,2,Thursday,1,1,2003
1829,3,Friday,1,1,2003
1830,4,Saturday,1,1,2003
1831,5,Sunday,1,1,2003
1832,6,Monday,1,1,2003
1833,7,Tuesday,1,1,2003
1834,8,Wednesday,1,1,2003
1835,9,Thursday,1,1,2003
1836,10,Friday,1,1,2003
1837,11,Saturday,1,1,2003
1838,12,Sunday,1,1,2003
1839,13,Monday,1,1,2003
1840,14,Tuesday,1,1,2003
1841,15,Wednesday,1,1,2003
1842,16,Thursday,1,1,2003
1843,17,Friday,1,1,2003
1844,18,Saturday,1,1,2003
1845,19,Sunday,1,1,2003
1846,20,Monday,1,1,2003
1847,21,Tuesday,1,1,2003
1848,22,Wednesday,1,1,2003
1849,23,Thursday,1,1,2003
1850,24,Friday,1,1,2003
1851,25,Saturday,1,1,2003
1852,26,Sunday,1,1,2003
1853,27,Monday,1,1,2003
1854,28,Tuesday,1,1,2003
1855,29,Wednesday,1,1,2003
1856,30,Thursday,1,1,2003
1857,31,Friday,1,1,2003
1858,1,Saturday,2,1,2003
1859,2,Sunday,2,1,2003
1860,3,Monday,2,1,2003
1861,4,Tuesday,2,1,2003
1862,5,Wednesday,2,1,2003
1863,6,Thursday,2,1,2003
1864,7,Friday,2,1,2003
1865,8,Saturday,2,1,2003
1866,9,Sunday,2,1,2003
1867,10,Monday,2,1,2003
1868,11,Tuesday,2,1,2003
1869,12,Wednesday,2,1,2003
1870,13,Thursday,2,1,2003
1871,14,Friday,2,1,2003
1872,15,Saturday,2,1,2003
1873,16,Sunday,2,1,2003
1874,17,Monday,2,1,2003
1875,18,Tuesday,2,1,2003
1876,19,Wednesday,2,1,2003
1877,20,Thursday,2,1,2003
1878,21,Friday,2,1,2003
1879,22,Saturday,2,1,2003
1880,23,Sunday,2,1,2003
1881,24,Monday,2,1,2003
1882,25,Tuesday,2,1,2003
1883,26,Wednesday,2,1,2003
1884,27,Thursday,2,1,2003
1885,28,Friday,2,1,2003
1886,1,Saturday,3,1,2003
1887,2,Sunday,3,1,2003
1888,3,Monday,3,1,2003
1889,4,Tuesday,3,1,2003
1890,5,Wednesday,3,1,2003
1891,6,Thursday,3,1,2003
1892,7,Friday,3,1,2003
1893,8,Saturday,3,1,2003
1894,9,Sunday,3,1,2003
1895,10,Monday,3,1,2003
1896,11,Tuesday,3,1,2003
1897,12,Wednesday,3,1,2003
1898,13,Thursday,3,1,2003
1899,14,Friday,3,1,2003
1900,15,Saturday,3,1,2003
1901,16,Sunday,3,1,2003
1902,17,Monday,3,1,2003
1903,18,Tuesday,3,1,2003
1904,19,Wednesday,3,1,2003
1905,20,Thursday,3,1,2003
1906,21,Friday,3,1,2003
1907,22,Saturday,3,1,2003
1908,23,Sunday,3,1,2003
1909,24,Monday,3,1,2003
1910,25,Tuesday,3,1,2003
1911,26,Wednesday,3,1,2003
1912,27,Thursday,3,1,2003
1913,28,Friday,3,1,2003
1914,29,Saturday,3,1,2003
1915,30,Sunday,3,1,2003
1916,31,Monday,3,1,2003
1917,1,Tuesday,4,2,2003
1918,2,Wednesday,4,2,2003
1919,3,Thursday,4,2,2003
1920,4,Friday,4,2,2003
1921,5,Saturday,4,2,2003
1922,6,Sunday,4,2,2003
1923,7,Monday,4,2,2003
1924,8,Tuesday,4,2,2003
1925,9,Wednesday,4,2,2003
1926,10,Thursday,4,2,2003
1927,11,Friday,4,2,2003
1928,12,Saturday,4,2,2003
1929,13,Sunday,4,2,2003
1930,14,Monday,4,2,2003
1931,15,Tuesday,4,2,2003
1932,16,Wednesday,4,2,2003
1933,17,Thursday,4,2,2003
1934,18,Friday,4,2,2003
1935,19,Saturday,4,2,2003
1936,20,Sunday,4,2,2003
1937,21,Monday,4,2,2003
1938,22,Tuesday,4,2,2003
1939,23,Wednesday,4,2,2003
1940,24,Thursday,4,2,2003
1941,25,Friday,4,2,2003
1942,26,Saturday,4,2,2003
1943,27,Sunday,4,2,2003
1944,28,Monday,4,2,2003
1945,29,Tuesday,4,2,2003
1946,30,Wednesday,4,2,2003
1947,1,Thursday,5,2,2003
1948,2,Friday,5,2,2003
1949,3,Saturday,5,2,2003
1950,4,Sunday,5,2,2003
1951,5,Monday,5,2,2003
1952,6,Tuesday,5,2,2003
1953,7,Wednesday,5,2,2003
1954,8,Thursday,5,2,2003
1955,9,Friday,5,2,2003
1956,10,Saturday,5,2,2003
1957,11,Sunday,5,2,2003
1958,12,Monday,5,2,2003
1959,13,Tuesday,5,2,2003
1960,14,Wednesday,5,2,2003
1961,15,Thursday,5,2,2003
1962,16,Friday,5,2,2003
1963,17,Saturday,5,2,2003
1964,18,Sunday,5,2,2003
1965,19,Monday,5,2,2003
1966,20,Tuesday,5,2,2003
1967,21,Wednesday,5,2,2003
1968,22,Thursday,5,2,2003
1969,23,Friday,5,2,2003
1970,24,Saturday,5,2,2003
1971,25,Sunday,5,2,2003
1972,26,Monday,5,2,2003
1973,27,Tuesday,5,2,2003
1974,28,Wednesday,5,2,2003
1975,29,Thursday,5,2,2003
1976,30,Friday,5,2,2003
1977,31,Saturday,5,2,2003
1978,1,Sunday,6,2,2003
1979,2,Monday,6,2,2003
1980,3,Tuesday,6,2,2003
1981,4,Wednesday,6,2,2003
1982,5,Thursday,6,2,2003
1983,6,Friday,6,2,2003
1984,7,Saturday,6,2,2003
1985,8,Sunday,6,2,2003
1986,9,Monday,6,2,2003
1987,10,Tuesday,6,2,2003
1988,11,Wednesday,6,2,2003
1989,12,Thursday,6,2,2003
1990,13,Friday,6,2,2003
1991,14,Saturday,6,2,2003
1992,15,Sunday,6,2,2003
1993,16,Monday,6,2,2003
1994,17,Tuesday,6,2,2003
1995,18,Wednesday,6,2,2003
1996,19,Thursday,6,2,2003
1997,20,Friday,6,2,2003
1998,21,Saturday,6,2,2003
1999,22,Sunday,6,2,2003
2000,23,Monday,6,2,2003
2001,24,Tuesday,6,2,2003
2002,25,Wednesday,6,2,2003
2003,26,Thursday,6,2,2003
2004,27,Friday,6,2,2003
2005,28,Saturday,6,2,2003
2006,29,Sunday,6,2,2003
2007,30,Monday,6,2,2003
2008,1,Tuesday,7,3,2003
2009,2,Wednesday,7,3,2003
2010,3,Thursday,7,3,2003
2011,4,Friday,7,3,2003
2012,5,Saturday,7,3,2003
2013,6,Sunday,7,3,2003
2014,7,Monday,7,3,2003
2015,8,Tuesday,7,3,2003
2016,9,Wednesday,7,3,2003
2017,10,Thursday,7,3,2003
2018,11,Friday,7,3,2003
2019,12,Saturday,7,3,2003
2020,13,Sunday,7,3,2003
2021,14,Monday,7,3,2003
2022,15,Tuesday,7,3,2003
2023,16,Wednesday,7,3,2003
2024,17,Thursday,7,3,2003
2025,18,Friday,7,3,2003
2026,19,Saturday,7,3,2003
2027,20,Sunday,7,3,2003
2028,21,Monday,7,3,2003
2029,22,Tuesday,7,3,2003
2030,23,Wednesday,7,3,2003
2031,24,Thursday,7,3,2003
2032,25,Friday,7,3,2003
2033,26,Saturday,7,3,2003
2034,27,Sunday,7,3,2003
2035,28,Monday,7,3,2003
2036,29,Tuesday,7,3,2003
2037,30,Wednesday,7,3,2003
2038,31,Thursday,7,3,2003
2039,1,Friday,8,3,2003
2040,2,Saturday,8,3,2003
2041,3,Sunday,8,3,2003
2042,4,Monday,8,3,2003
2043,5,Tuesday,8,3,2003
2044,6,Wednesday,8,3,2003
2045,7,Thursday,8,3,2003
2046,8,Friday,8,3,2003
2047,9,Saturday,8,3,2003
2048,10,Sunday,8,3,2003
2049,11,Monday,8,3,2003
2050,12,Tuesday,8,3,2003
2051,13,Wednesday,8,3,2003
2052,14,Thursday,8,3,2003
2053,15,Friday,8,3,2003
2054,16,Saturday,8,3,2003
2055,17,Sunday,8,3,2003
2056,18,Monday,8,3,2003
2057,19,Tuesday,8,3,2003
2058,20,Wednesday,8,3,2003
2059,21,Thursday,8,3,2003
2060,22,Friday,8,3,2003
2061,23,Saturday,8,3,2003
2062,24,Sunday,8,3,2003
2063,25,Monday,8,3,2003
2064,26,Tuesday,8,3,2003
2065,27,Wednesday,8,3,2003
2066,28,Thursday,8,3,2003
2067,29,Friday,8,3,2003
2068,30,Saturday,8,3,2003
2069,31,Sunday,8,3,2003
2070,1,Monday,9,3,2003
2071,2,Tuesday,9,3,2003
2072,3,Wednesday,9,3,2003
2073,4,Thursday,9,3,2003
2074,5,Friday,9,3,2003
2075,6,Saturday,9,3,2003
2076,7,Sunday,9,3,2003
2077,8,Monday,9,3,2003
2078,9,Tuesday,9,3,2003
2079,10,Wednesday,9,3,2003
2080,11,Thursday,9,3,2003
2081,12,Friday,9,3,2003
2082,13,Saturday,9,3,2003
2083,14,Sunday,9,3,2003
2084,15,Monday,9,3,2003
2085,16,Tuesday,9,3,2003
2086,17,Wednesday,9,3,2003
2087,18,Thursday,9,3,2003
2088,19,Friday,9,3,2003
2089,20,Saturday,9,3,2003
2090,21,Sunday,9,3,2003
2091,22,Monday,9,3,2003
2092,23,Tuesday,9,3,2003
2093,24,Wednesday,9,3,2003
2094,25,Thursday,9,3,2003
2095,26,Friday,9,3,2003
2096,27,Saturday,9,3,2003
2097,28,Sunday,9,3,2003
2098,29,Monday,9,3,2003
2099,30,Tuesday,9,3,2003
2100,1,Wednesday,10,4,2003
2101,2,Thursday,10,4,2003
2102,3,Friday,10,4,2003
2103,4,Saturday,10,4,2003
2104,5,Sunday,10,4,2003
2105,6,Monday,10,4,2003
2106,7,Tuesday,10,4,2003
2107,8,Wednesday,10,4,2003
2108,9,Thursday,10,4,2003
2109,10,Friday,10,4,2003
2110,11,Saturday,10,4,2003
2111,12,Sunday,10,4,2003
2112,13,Monday,10,4,2003
2113,14,Tuesday,10,4,2003
2114,15,Wednesday,10,4,2003
2115,16,Thursday,10,4,2003
2116,17,Friday,10,4,2003
2117,18,Saturday,10,4,2003
2118,19,Sunday,10,4,2003
2119,20,Monday,10,4,2003
2120,21,Tuesday,10,4,2003
2121,22,Wednesday,10,4,2003
2122,23,Thursday,10,4,2003
2123,24,Friday,10,4,2003
2124,25,Saturday,10,4,2003
2125,26,Sunday,10,4,2003
2126,27,Monday,10,4,2003
2127,28,Tuesday,10,4,2003
2128,29,Wednesday,10,4,2003
2129,30,Thursday,10,4,2003
2130,31,Friday,10,4,2003
2131,1,Saturday,11,4,2003
2132,2,Sunday,11,4,2003
2133,3,Monday,11,4,2003
2134,4,Tuesday,11,4,2003
2135,5,Wednesday,11,4,2003
2136,6,Thursday,11,4,2003
2137,7,Friday,11,4,2003
2138,8,Saturday,11,4,2003
2139,9,Sunday,11,4,2003
2140,10,Monday,11,4,2003
2141,11,Tuesday,11,4,2003
2142,12,Wednesday,11,4,2003
2143,13,Thursday,11,4,2003
2144,14,Friday,11,4,2003
2145,15,Saturday,11,4,2003
2146,16,Sunday,11,4,2003
2147,17,Monday,11,4,2003
2148,18,Tuesday,11,4,2003
2149,19,Wednesday,11,4,2003
2150,20,Thursday,11,4,2003
2151,21,Friday,11,4,2003
2152,22,Saturday,11,4,2003
2153,23,Sunday,11,4,2003
2154,24,Monday,11,4,2003
2155,25,Tuesday,11,4,2003
2156,26,Wednesday,11,4,2003
2157,27,Thursday,11,4,2003
2158,28,Friday,11,4,2003
2159,29,Saturday,11,4,2003
2160,30,Sunday,11,4,2003
2161,1,Monday,12,4,2003
2162,2,Tuesday,12,4,2003
2163,3,Wednesday,12,4,2003
2164,4,Thursday,12,4,2003
2165,5,Friday,12,4,2003
2166,6,Saturday,12,4,2003
2167,7,Sunday,12,4,2003
2168,8,Monday,12,4,2003
2169,9,Tuesday,12,4,2003
2170,10,Wednesday,12,4,2003
2171,11,Thursday,12,4,2003
2172,12,Friday,12,4,2003
2173,13,Saturday,12,4,2003
2174,14,Sunday,12,4,2003
2175,15,Monday,12,4,2003
2176,16,Tuesday,12,4,2003
2177,17,Wednesday,12,4,2003
2178,18,Thursday,12,4,2003
2179,19,Friday,12,4,2003
2180,20,Saturday,12,4,2003
2181,21,Sunday,12,4,2003
2182,22,Monday,12,4,2003
2183,23,Tuesday,12,4,2003
2184,24,Wednesday,12,4,2003
2185,25,Thursday,12,4,2003
2186,26,Friday,12,4,2003
2187,27,Saturday,12,4,2003
2188,28,Sunday,12,4,2003
2189,29,Monday,12,4,2003
2190,30,Tuesday,12,4,2003
2191,31,Wednesday,12,4,2003